# Atom 1 - Gaussian blob
0.01 0.03 0.05 0.03 0.01
0.03 0.10 0.15 0.10 0.03
0.05 0.15 0.30 0.15 0.05
0.03 0.10 0.15 0.10 0.03
0.01 0.03 0.05 0.03 0.01

# Atom 2 - Off-center blob
0.20 0.18 0.10 0.04 0.01
0.18 0.25 0.15 0.06 0.02
0.10 0.15 0.12 0.05 0.02
0.04 0.06 0.05 0.02 0.01
0.01 0.02 0.02 0.01 0.00

# Atom 3 - Vertical edge
-0.20 -0.20 0.20 0.20 0.20
-0.20 -0.20 0.20 0.20 0.20
-0.20 -0.20 0.20 0.20 0.20
-0.20 -0.20 0.20 0.20 0.20
-0.20 -0.20 0.20 0.20 0.20

# Atom 4 - Horizontal edge
-0.20 -0.20 -0.20 -0.20 -0.20
-0.20 -0.20 -0.20 -0.20 -0.20
 0.20  0.20  0.20  0.20  0.20
 0.20  0.20  0.20  0.20  0.20
 0.20  0.20  0.20  0.20  0.20

# Atom 5 - Diagonal
0.20 0.10 0.05 0.02 0.01
0.10 0.20 0.10 0.05 0.02
0.05 0.10 0.20 0.10 0.05
0.02 0.05 0.10 0.20 0.10
0.01 0.02 0.05 0.10 0.20

# Atom 6 - Anti-diagonal
0.01 0.02 0.05 0.10 0.20
0.02 0.05 0.10 0.20 0.10
0.05 0.10 0.20 0.10 0.05
0.10 0.20 0.10 0.05 0.02
0.20 0.10 0.05 0.02 0.01

# Atom 7 - Oscillatory
0.10 -0.08 0.12 -0.06 0.10
-0.06 0.09 -0.11 0.08 -0.05
0.12 -0.10 0.15 -0.09 0.11
-0.05 0.08 -0.12 0.07 -0.06
0.09 -0.07 0.10 -0.06 0.08

# Atom 8 - Gradient
0.00 0.05 0.10 0.15 0.20
0.00 0.05 0.10 0.15 0.20
0.00 0.05 0.10 0.15 0.20
0.00 0.05 0.10 0.15 0.20
0.00 0.05 0.10 0.15 0.20

# Atom 9 - Reverse gradient
0.20 0.15 0.10 0.05 0.00
0.20 0.15 0.10 0.05 0.00
0.20 0.15 0.10 0.05 0.00
0.20 0.15 0.10 0.05 0.00
0.20 0.15 0.10 0.05 0.00