0.12 0.18 0.21 0.09 0.05 0.33 0.41 0.28 0.19 
0.15 0.22 0.19 0.08 0.10 0.36 0.52 0.30 0.17 
0.09 0.14 0.11 0.05 0.13 0.40 0.61 0.34 0.20 
0.08 0.10 0.07 0.04 0.09 0.38 0.58 0.31 0.18
0.20 0.25 0.18 0.12 0.15 0.44 0.70 0.46 0.30 
0.35 0.42 0.31 0.20 0.28 0.55 0.88 0.60 0.41 
0.30 0.38 0.29 0.18 0.22 0.50 0.79 0.58 0.39
0.18 0.21 0.17 0.11 0.13 0.36 0.62 0.45 0.28 
0.11 0.13 0.09 0.06 0.08 0.25 0.40 0.32 0.20 
0.07 0.09 0.05 0.03 0.06 0.19 0.28 0.21 0.15
0.05 0.06 0.04 0.02 0.05 0.15 0.22 0.18 0.12
0.03 0.04 0.02 0.01 0.03 0.12 0.18 0.14 0.09
0.10 0.14 0.19 0.11 0.07 0.28 0.45 0.31 0.18 
0.13 0.17 0.22 0.14 0.09 0.35 0.52 0.38 0.21
0.09 0.12 0.16 0.10 0.06 0.30 0.49 0.33 0.19
0.06 0.08 0.11 0.07 0.04 0.24 0.41 0.27 0.15
0.22 0.28 0.33 0.21 0.16 0.48 0.75 0.55 0.38
0.31 0.37 0.44 0.30 0.24 0.62 0.92 0.68 0.50
0.26 0.33 0.40 0.27 0.21 0.58 0.85 0.64 0.47
0.19 0.25 0.31 0.20 0.15 0.44 0.70 0.52 0.36
0.12 0.16 0.21 0.13 0.09 0.30 0.48 0.34 0.22
0.08 0.11 0.15 0.09 0.06 0.22 0.36 0.25 0.16
0.05 0.07 0.10 0.06 0.04 0.16 0.27 0.19 0.12
0.03 0.05 0.08 0.04 0.03 0.12 0.20 0.14 0.09
0.02 0.03 0.05 0.03 0.02 0.09 0.15 0.11 0.07
0.04 0.06 0.09 0.05 0.03 0.18 0.29 0.21 0.13
0.06 0.09 0.13 0.08 0.05 0.24 0.38 0.28 0.17
0.05 0.08 0.11 0.07 0.04 0.21 0.35 0.25 0.15
0.03 0.05 0.08 0.05 0.03 0.17 0.30 0.20 0.12
0.02 0.04 0.06 0.04 0.02 0.14 0.26 0.18 0.10