73   184   41   12   98   5
22   147   63   31   54   9
91   205   28   18  117   3
48   132   52   26   71   8
67   176   35   14   93   6
14   118   71   37   43  10
85   193   24   16  109   2
39   159   47   29   66   7
96   214   19   11  124   1
28   141   58   34   57   9
61   171   38   20   88   5
17   125   67   36   46  10
78   187   31   15  101   4
44   153   49   28   69   8
88   199   26   13  113   2
31   136   56   32   61   9
69   179   34   19   95   5
12   116   73   39   39  10
82   191   29   17  106   3
53   165   43   24   79   6
94   209   22   12  121   1
26   143   61   35   52   9
75   182   33   16   99   4
36   150   50   30   64   8
89   201   25   14  114   2
19   128   69   38   44  10
64   173   37   21   90   5
42   156   46   27   68   7
97   217   18   10  126   1
24   139   60   33   56   9